after transpose
ntree in train: 1
after train
[0, 9]
[2, 3, 4, 5, 7, 8, 9, 10, 11]
enter predict:
{1: 0}
source: 2  predicted: 1
[0, 20]
[15, 16, 17, 18, 20, 21, 22, 23, 24, 25, 27, 28, 29, 30, 31, 32, 33, 34, 35, 36]
enter predict:
{1: 0}
source: 2  predicted: 1
[0, 31]
[2, 37, 39, 40, 43, 44, 45, 46, 47, 48, 49, 50, 51, 52, 53, 54, 55, 56, 58, 59, 60, 61, 62, 63, 64, 66, 67, 68, 69, 71, 74]
enter predict:
{1: 0}
source: 2  predicted: 1
[0, 19]
[75, 76, 77, 78, 79, 81, 82, 83, 84, 85, 86, 87, 88, 89, 90, 91, 92, 93, 94]
enter predict:
{1: 0}
source: 3  predicted: 1
[0, 14]
[28, 95, 96, 99, 100, 104, 105, 107, 108, 109, 110, 111, 112, 114]
enter predict:
{1: 0}
source: 2  predicted: 1
[0, 6]
[22, 115, 116, 117, 118, 119]
enter predict:
{1: 0}
source: 0  predicted: 1
[0, 16]
[117, 118, 119, 121, 123, 124, 125, 126, 127, 128, 129, 130, 131, 132, 133, 134]
enter predict:
{1: 0}
source: 0  predicted: 1
[0, 17]
[135, 136, 137, 138, 139, 140, 141, 142, 143, 144, 145, 146, 147, 148, 149, 150, 151]
enter predict:
{1: 0}
source: 0  predicted: 1
[0, 17]
[2, 152, 153, 154, 155, 156, 157, 158, 162, 163, 164, 165, 166, 167, 168, 169, 170]
enter predict:
{1: 0}
source: 0  predicted: 1
[0, 15]
[2, 152, 153, 157, 158, 162, 163, 164, 165, 166, 167, 168, 169, 170, 171]
enter predict:
{1: 0}
source: 0  predicted: 1
[0, 16]
[7, 172, 173, 174, 175, 176, 177, 178, 179, 180, 181, 182, 183, 184, 185, 186]
enter predict:
{1: 0}
source: 2  predicted: 1
[0, 10]
[2, 187, 188, 189, 190, 191, 192, 193, 194, 195]
enter predict:
{1: 0}
source: 0  predicted: 1
[0, 2]
[196, 197]
enter predict:
{1: 0}
source: 2  predicted: 1
[0, 9]
[127, 199, 200, 201, 202, 203, 204, 205, 206]
enter predict:
{1: 0}
source: 0  predicted: 1
[0, 33]
[207, 208, 209, 210, 211, 212, 213, 214, 215, 216, 217, 218, 219, 220, 221, 222, 223, 224, 225, 226, 227, 228, 229, 230, 231, 232, 233, 234, 235, 236, 237, 238, 239]
enter predict:
{1: 0}
source: 0  predicted: 1
[0, 14]
[126, 205, 240, 241, 243, 244, 245, 246, 247, 248, 249, 250, 251, 252]
enter predict:
{1: 0}
source: 0  predicted: 1
[0, 15]
[125, 131, 193, 194, 253, 254, 255, 256, 257, 258, 259, 260, 261, 262, 263]
enter predict:
{1: 0}
source: 0  predicted: 1
[0, 43]
[4, 37, 49, 50, 61, 62, 63, 84, 215, 264, 265, 266, 267, 268, 269, 270, 271, 272, 273, 274, 275, 276, 277, 278, 279, 280, 281, 282, 283, 284, 285, 286, 287, 288, 289, 290, 291, 292, 293, 294, 295, 296, 297]
enter predict:
{1: 0}
source: 2  predicted: 1
[0, 23]
[2, 31, 157, 158, 298, 299, 300, 301, 302, 303, 304, 305, 306, 307, 308, 309, 310, 311, 312, 313, 314, 315, 316]
enter predict:
{1: 0}
source: 0  predicted: 1
[0, 13]
[31, 157, 158, 317, 318, 319, 320, 321, 322, 323, 324, 325, 326]
enter predict:
{1: 0}
source: 0  predicted: 1
[0, 7]
[320, 327, 328, 329, 330, 331, 332]
enter predict:
{1: 0}
source: 2  predicted: 1
[0, 16]
[18, 320, 322, 323, 333, 334, 335, 336, 337, 338, 339, 341, 342, 343, 344, 345]
enter predict:
{1: 0}
source: 2  predicted: 1
[0, 14]
[28, 95, 96, 99, 100, 104, 105, 107, 108, 109, 110, 111, 112, 114]
enter predict:
{1: 0}
source: 2  predicted: 1
[0, 44]
[17, 66, 89, 91, 157, 158, 175, 227, 235, 238, 239, 270, 302, 318, 319, 320, 322, 323, 346, 347, 348, 349, 350, 351, 352, 353, 354, 355, 356, 357, 358, 359, 360, 361, 362, 363, 364, 365, 366, 367, 368, 369, 370, 371]
enter predict:
{1: 0}
source: 0  predicted: 1
[0, 14]
[372, 373, 374, 376, 377, 378, 380, 381, 383, 384, 385, 386, 387, 388]
enter predict:
{1: 0}
source: 1  predicted: 1
[0, 8]
[21, 22, 100, 320, 389, 390, 391, 392]
enter predict:
{1: 0}
source: 2  predicted: 1
[0, 18]
[9, 181, 393, 394, 395, 396, 397, 399, 400, 401, 402, 403, 404, 405, 406, 407, 408, 409]
enter predict:
{1: 0}
source: 1  predicted: 1
[0, 15]
[25, 28, 100, 110, 111, 332, 391, 411, 412, 413, 414, 415, 416, 417, 418]
enter predict:
{1: 0}
source: 2  predicted: 1
[0, 13]
[30, 188, 200, 205, 419, 420, 421, 422, 423, 424, 425, 426, 427]
enter predict:
{1: 0}
source: 0  predicted: 1
[0, 20]
[37, 39, 43, 46, 60, 63, 69, 211, 266, 267, 272, 275, 394, 428, 429, 430, 431, 432, 433, 434]
enter predict:
{1: 0}
source: 2  predicted: 1
[0, 5]
[182, 436, 437, 438, 439]
enter predict:
{1: 0}
source: 0  predicted: 1
[0, 52]
[17, 66, 157, 158, 227, 235, 295, 297, 302, 316, 320, 322, 323, 342, 348, 349, 350, 351, 352, 353, 354, 355, 356, 357, 361, 438, 440, 441, 442, 443, 444, 445, 446, 447, 448, 449, 450, 451, 452, 453, 454, 455, 456, 457, 458, 459, 460, 461, 462, 463, 464, 465]
enter predict:
{1: 0}
source: 0  predicted: 1
[0, 16]
[17, 52, 157, 158, 223, 319, 320, 322, 323, 344, 358, 359, 466, 467, 468, 469]
enter predict:
{1: 0}
source: 3  predicted: 1
[0, 19]
[64, 259, 421, 470, 471, 472, 473, 474, 475, 476, 477, 478, 479, 480, 481, 482, 483, 484, 485]
enter predict:
{1: 0}
source: 0  predicted: 1
[0, 10]
[282, 300, 352, 486, 487, 488, 489, 490, 491, 492]
enter predict:
{1: 0}
source: 3  predicted: 1
[0, 13]
[493, 494, 495, 496, 497, 498, 499, 500, 501, 502, 503, 504, 505]
enter predict:
{1: 0}
source: 3  predicted: 1
[0, 11]
[115, 190, 421, 470, 475, 485, 506, 507, 508, 509, 510]
enter predict:
{1: 0}
source: 0  predicted: 1
[0, 18]
[157, 158, 320, 322, 323, 336, 358, 359, 511, 512, 513, 514, 515, 516, 517, 518, 519, 520]
enter predict:
{1: 0}
source: 2  predicted: 1
[0, 16]
[81, 157, 158, 251, 320, 322, 323, 359, 521, 522, 523, 524, 525, 526, 527, 528]
enter predict:
{1: 0}
source: 3  predicted: 1
[0, 10]
[157, 158, 320, 322, 323, 359, 529, 530, 531, 532]
enter predict:
{1: 0}
source: 3  predicted: 1
[0, 16]
[45, 157, 158, 320, 322, 323, 359, 531, 532, 533, 534, 535, 536, 537, 538, 539]
enter predict:
{1: 0}
source: 3  predicted: 1
[0, 9]
[31, 157, 158, 320, 322, 323, 359, 540, 541]
enter predict:
{1: 0}
source: 0  predicted: 1
[0, 14]
[64, 220, 284, 320, 322, 323, 468, 542, 543, 544, 545, 546, 547, 548]
enter predict:
{1: 0}
source: 3  predicted: 1
[0, 23]
[31, 157, 158, 320, 322, 323, 549, 550, 551, 552, 553, 554, 555, 556, 557, 558, 559, 560, 561, 562, 563, 564, 565]
enter predict:
{1: 0}
source: 0  predicted: 1
[0, 11]
[566, 567, 568, 569, 570, 571, 572, 573, 574, 575, 576]
enter predict:
{1: 0}
source: 0  predicted: 1
[0, 2]
[21, 577]
enter predict:
{1: 0}
source: 2  predicted: 1
[0, 9]
[4, 115, 396, 578, 579, 580, 581, 582, 583]
enter predict:
{1: 0}
source: 2  predicted: 1
[0, 7]
[15, 104, 336, 584, 585, 586, 587]
enter predict:
{1: 0}
source: 2  predicted: 1
[0, 5]
[64, 188, 588, 589, 590]
enter predict:
{1: 0}
source: 0  predicted: 1
[0, 10]
[114, 176, 591, 592, 593, 594, 595, 596, 597, 598]
enter predict:
{1: 0}
source: 2  predicted: 1
[0, 12]
[189, 597, 599, 600, 601, 602, 603, 604, 605, 606, 607, 608]
enter predict:
{1: 0}
source: 0  predicted: 1
[0, 22]
[124, 200, 425, 482, 609, 610, 611, 612, 613, 614, 615, 616, 617, 618, 619, 620, 621, 622, 623, 624, 625, 626]
enter predict:
{1: 0}
source: 0  predicted: 1
[0, 10]
[17, 543, 627, 628, 629, 630, 631, 632, 633, 634]
enter predict:
{1: 0}
source: 0  predicted: 1
[0, 11]
[16, 429, 478, 635, 636, 637, 638, 639, 640, 641, 642]
enter predict:
{1: 0}
source: 0  predicted: 1
[0, 7]
[21, 643, 644, 645, 646, 647, 648]
enter predict:
{1: 0}
source: 2  predicted: 1
[0, 14]
[15, 39, 125, 336, 597, 649, 650, 651, 652, 653, 654, 655, 656, 657]
enter predict:
{1: 0}
source: 2  predicted: 1
[0, 36]
[17, 34, 64, 619, 627, 658, 659, 660, 661, 662, 663, 664, 665, 666, 667, 668, 669, 670, 671, 672, 673, 674, 675, 676, 677, 678, 679, 680, 681, 682, 683, 684, 685, 686, 687, 688]
enter predict:
{1: 0}
source: 2  predicted: 1
[0, 9]
[406, 689, 690, 691, 692, 693, 694, 695, 696]
enter predict:
{1: 0}
source: 1  predicted: 1
[0, 25]
[176, 211, 277, 328, 367, 436, 500, 547, 582, 691, 697, 698, 699, 700, 701, 702, 703, 704, 705, 706, 707, 708, 709, 710, 711]
enter predict:
{1: 0}
source: 2  predicted: 1
[0, 7]
[277, 523, 694, 712, 713, 714, 715]
enter predict:
{1: 0}
source: 1  predicted: 1
[0, 22]
[17, 124, 350, 417, 429, 476, 533, 615, 650, 687, 716, 717, 718, 719, 720, 721, 722, 723, 724, 725, 726, 727]
enter predict:
{1: 0}
source: 0  predicted: 1
[0, 17]
[182, 319, 372, 374, 381, 384, 620, 728, 729, 730, 731, 732, 733, 734, 735, 736, 737]
enter predict:
{1: 0}
source: 1  predicted: 1
[0, 17]
[137, 238, 239, 371, 588, 738, 739, 740, 741, 742, 743, 744, 745, 746, 747, 748, 749]
enter predict:
{1: 0}
source: 0  predicted: 1
[0, 14]
[25, 138, 506, 533, 565, 597, 623, 669, 750, 751, 752, 753, 754, 755]
enter predict:
{1: 0}
source: 0  predicted: 1
[0, 24]
[17, 37, 39, 51, 60, 61, 63, 182, 211, 266, 267, 269, 272, 276, 430, 431, 658, 736, 737, 756, 757, 758, 759, 760]
enter predict:
{1: 0}
source: 2  predicted: 1
[0, 40]
[15, 28, 151, 176, 207, 336, 359, 369, 408, 577, 601, 646, 651, 659, 761, 762, 763, 764, 765, 766, 767, 768, 769, 770, 771, 772, 773, 774, 775, 776, 777, 778, 779, 780, 781, 782, 783, 784, 785, 786]
enter predict:
{1: 0}
source: 2  predicted: 1
[0, 13]
[157, 183, 223, 408, 529, 787, 788, 789, 790, 791, 792, 793, 794]
enter predict:
{1: 0}
source: 0  predicted: 1
[0, 10]
[287, 795, 796, 797, 798, 799, 800, 801, 802, 804]
enter predict:
{1: 0}
source: 3  predicted: 1
[0, 14]
[28, 95, 96, 99, 100, 104, 105, 107, 108, 109, 110, 111, 112, 114]
enter predict:
{1: 0}
source: 2  predicted: 1
[0, 11]
[17, 430, 762, 805, 806, 807, 808, 809, 810, 811, 812]
enter predict:
{1: 0}
source: 3  predicted: 1
[0, 12]
[2, 207, 336, 394, 813, 814, 815, 816, 817, 818, 819, 820]
enter predict:
{1: 0}
source: 2  predicted: 1
[0, 5]
[61, 318, 790, 821, 822]
enter predict:
{1: 0}
source: 0  predicted: 1
[0, 13]
[9, 37, 269, 409, 429, 781, 823, 824, 825, 826, 827, 828, 829]
enter predict:
{1: 0}
source: 2  predicted: 1
[0, 11]
[124, 188, 436, 483, 506, 725, 830, 831, 832, 833, 834]
enter predict:
{1: 0}
source: 0  predicted: 1
[0, 21]
[88, 138, 394, 409, 456, 565, 592, 593, 695, 781, 835, 836, 837, 838, 839, 840, 841, 842, 843, 844, 845]
enter predict:
{1: 0}
source: 2  predicted: 1
[0, 10]
[88, 119, 138, 176, 277, 490, 589, 846, 847, 848]
enter predict:
{1: 0}
source: 2  predicted: 1
[0, 21]
[37, 46, 269, 283, 288, 317, 334, 377, 490, 563, 849, 850, 851, 852, 853, 854, 855, 856, 857, 858, 859]
enter predict:
{1: 0}
source: 2  predicted: 1
[0, 14]
[16, 74, 138, 593, 596, 805, 860, 861, 862, 863, 864, 865, 866, 867]
enter predict:
{1: 0}
source: 2  predicted: 1
[0, 25]
[150, 188, 200, 245, 279, 317, 352, 420, 422, 427, 490, 510, 569, 677, 725, 868, 869, 870, 871, 872, 873, 874, 875, 876, 877]
enter predict:
{1: 0}
source: 0  predicted: 1
[0, 20]
[17, 149, 314, 396, 765, 852, 858, 859, 877, 878, 879, 880, 881, 882, 883, 884, 885, 886, 887, 888]
enter predict:
{1: 0}
source: 3  predicted: 1
[0, 20]
[17, 149, 314, 396, 765, 853, 858, 859, 877, 878, 879, 880, 881, 882, 883, 884, 885, 886, 887, 888]
enter predict:
{1: 0}
source: 3  predicted: 1
[0, 14]
[28, 95, 96, 99, 100, 104, 105, 107, 108, 109, 110, 111, 112, 114]
enter predict:
{1: 0}
source: 2  predicted: 1
[0, 23]
[131, 149, 192, 256, 427, 474, 475, 478, 490, 612, 642, 877, 886, 889, 890, 891, 892, 893, 894, 895, 896, 897, 898]
enter predict:
{1: 0}
source: 0  predicted: 1
[0, 14]
[133, 150, 176, 472, 490, 670, 675, 751, 869, 877, 899, 900, 901, 902]
enter predict:
{1: 0}
source: 0  predicted: 1
[0, 11]
[81, 149, 877, 886, 903, 904, 905, 906, 907, 908, 909]
enter predict:
{1: 0}
source: 0  predicted: 1
[0, 16]
[105, 127, 149, 380, 439, 535, 730, 735, 877, 886, 910, 911, 912, 913, 914, 915]
enter predict:
{1: 0}
source: 1  predicted: 1
[0, 8]
[137, 138, 139, 360, 589, 597, 916, 917]
enter predict:
{1: 0}
source: 0  predicted: 1
[0, 16]
[105, 127, 149, 374, 380, 439, 535, 729, 730, 735, 877, 886, 910, 913, 914, 915]
enter predict:
{1: 0}
source: 1  predicted: 1
[0, 8]
[137, 138, 360, 589, 597, 916, 917, 918]
enter predict:
{1: 0}
source: 0  predicted: 1
[0, 6]
[31, 408, 794, 879, 919, 920]
enter predict:
{1: 0}
source: 0  predicted: 1
[0, 21]
[18, 28, 33, 54, 105, 109, 114, 429, 438, 768, 877, 900, 915, 921, 922, 923, 924, 925, 926, 927, 928]
enter predict:
{1: 0}
source: 2  predicted: 1
[0, 22]
[124, 149, 150, 247, 470, 540, 877, 886, 929, 930, 931, 932, 933, 934, 935, 936, 937, 938, 939, 940, 941, 942]
enter predict:
{1: 0}
source: 0  predicted: 1
[0, 15]
[149, 360, 394, 653, 879, 943, 944, 945, 946, 947, 948, 949, 950, 951, 952]
enter predict:
{1: 0}
source: 2  predicted: 1
[0, 13]
[149, 336, 360, 394, 879, 943, 944, 945, 946, 947, 949, 950, 951]
enter predict:
{1: 0}
source: 2  predicted: 1
[0, 10]
[137, 248, 347, 751, 953, 954, 955, 956, 957, 958]
enter predict:
{1: 0}
source: 0  predicted: 1
[0, 37]
[31, 63, 66, 219, 270, 470, 511, 540, 554, 575, 630, 755, 870, 908, 929, 959, 960, 961, 962, 963, 964, 965, 966, 967, 968, 969, 970, 971, 972, 973, 974, 975, 976, 977, 978, 979, 980]
enter predict:
{1: 0}
source: 0  predicted: 1
[0, 19]
[40, 43, 51, 61, 63, 149, 266, 267, 272, 275, 406, 824, 877, 886, 981, 982, 983, 984, 985]
enter predict:
{1: 0}
source: 2  predicted: 1
[0, 27]
[314, 464, 487, 529, 581, 855, 857, 877, 879, 986, 987, 988, 989, 990, 991, 992, 993, 994, 995, 996, 997, 998, 999, 1000, 1001, 1002, 1003]
enter predict:
{1: 0}
source: 3  predicted: 1
[0, 22]
[142, 150, 174, 176, 470, 483, 722, 724, 877, 925, 934, 974, 1004, 1005, 1006, 1007, 1008, 1009, 1010, 1011, 1012, 1013]
enter predict:
{1: 0}
source: 0  predicted: 1
[0, 22]
[21, 109, 144, 145, 176, 177, 211, 1014, 1015, 1016, 1017, 1018, 1019, 1020, 1021, 1022, 1023, 1024, 1025, 1026, 1027, 1028]
enter predict:
{1: 0}
source: 2  predicted: 1
[0, 14]
[277, 374, 381, 729, 932, 1029, 1030, 1031, 1032, 1033, 1034, 1035, 1036, 1037]
enter predict:
{1: 0}
source: 1  predicted: 1
[0, 8]
[116, 133, 220, 902, 1038, 1039, 1040, 1041]
enter predict:
{1: 0}
source: 0  predicted: 1
[0, 10]
[46, 319, 377, 908, 1042, 1043, 1044, 1045, 1046, 1047]
enter predict:
{1: 0}
source: 1  predicted: 1
[0, 11]
[46, 377, 405, 908, 1042, 1047, 1048, 1049, 1050, 1051, 1052]
enter predict:
{1: 0}
source: 1  predicted: 1
[0, 17]
[88, 202, 336, 394, 515, 951, 1000, 1053, 1054, 1055, 1056, 1057, 1058, 1059, 1060, 1061, 1062]
enter predict:
{1: 0}
source: 3  predicted: 1
[0, 19]
[16, 182, 384, 394, 401, 406, 592, 593, 736, 1063, 1064, 1065, 1066, 1067, 1068, 1069, 1070, 1071, 1072]
enter predict:
{1: 0}
source: 2  predicted: 1
[0, 28]
[10, 222, 277, 388, 403, 406, 457, 460, 866, 902, 988, 1068, 1073, 1074, 1075, 1076, 1077, 1078, 1079, 1080, 1081, 1082, 1083, 1084, 1085, 1086, 1087, 1088]
enter predict:
{1: 0}
source: 2  predicted: 1
[0, 12]
[191, 328, 406, 1089, 1090, 1091, 1092, 1093, 1094, 1095, 1096, 1097]
enter predict:
{1: 0}
source: 3  predicted: 1
[0, 11]
[30, 31, 54, 170, 193, 908, 1098, 1099, 1100, 1101, 1102]
enter predict:
{1: 0}
source: 0  predicted: 1
[0, 10]
[126, 192, 249, 260, 588, 871, 1103, 1104, 1105, 1106]
enter predict:
{1: 0}
source: 0  predicted: 1
[0, 6]
[16, 176, 183, 684, 1107, 1108]
enter predict:
{1: 0}
source: 2  predicted: 1
[0, 9]
[248, 347, 668, 673, 1109, 1110, 1111, 1112, 1113]
enter predict:
{1: 0}
source: 0  predicted: 1
[0, 13]
[126, 138, 155, 248, 589, 924, 1114, 1115, 1116, 1117, 1118, 1119, 1120]
enter predict:
{1: 0}
source: 2  predicted: 1
[0, 5]
[74, 142, 394, 1121, 1122]
enter predict:
{1: 0}
source: 0  predicted: 1
[0, 13]
[61, 149, 260, 886, 1085, 1106, 1123, 1124, 1125, 1126, 1127, 1128, 1129]
enter predict:
{1: 0}
source: 0  predicted: 1
[0, 8]
[396, 594, 855, 882, 1089, 1130, 1131, 1132]
enter predict:
{1: 0}
source: 3  predicted: 1
[0, 10]
[314, 396, 594, 882, 1089, 1130, 1131, 1133, 1134, 1135]
enter predict:
{1: 0}
source: 3  predicted: 1
[0, 8]
[403, 659, 695, 837, 1136, 1137, 1138, 1139]
enter predict:
{1: 0}
source: 1  predicted: 1
[0, 12]
[133, 248, 1140, 1141, 1142, 1143, 1144, 1145, 1146, 1147, 1148, 1149]
enter predict:
{1: 0}
source: 0  predicted: 1
[0, 10]
[4, 5, 7, 8, 11, 177, 359, 823, 1150, 1151]
enter predict:
{1: 0}
source: 2  predicted: 1
[0, 12]
[61, 318, 883, 956, 1152, 1153, 1154, 1155, 1156, 1157, 1158, 1159]
enter predict:
{1: 0}
source: 0  predicted: 1
[0, 5]
[189, 318, 724, 1160, 1161]
enter predict:
{1: 0}
source: 0  predicted: 1
[0, 21]
[74, 289, 314, 396, 409, 578, 837, 842, 864, 1068, 1162, 1163, 1164, 1165, 1166, 1167, 1168, 1169, 1170, 1171, 1172]
enter predict:
{1: 0}
source: 1  predicted: 1
[0, 16]
[176, 289, 326, 396, 685, 690, 904, 905, 1173, 1174, 1175, 1176, 1177, 1178, 1179, 1180]
enter predict:
{1: 0}
source: 2  predicted: 1
[0, 13]
[192, 483, 639, 1181, 1182, 1183, 1184, 1185, 1186, 1187, 1188, 1189, 1190]
enter predict:
{1: 0}
source: 0  predicted: 1
[0, 12]
[74, 176, 289, 396, 405, 409, 592, 1165, 1191, 1192, 1193, 1194]
enter predict:
{1: 0}
source: 3  predicted: 1
[0, 20]
[64, 126, 127, 129, 131, 200, 254, 390, 440, 724, 874, 1036, 1161, 1165, 1184, 1195, 1196, 1197, 1198, 1199]
enter predict:
{1: 0}
source: 0  predicted: 1
[0, 18]
[52, 200, 429, 675, 724, 767, 832, 892, 939, 1200, 1201, 1202, 1203, 1204, 1205, 1206, 1207, 1208]
enter predict:
{1: 0}
source: 0  predicted: 1
[0, 12]
[138, 174, 183, 597, 641, 1085, 1209, 1210, 1211, 1212, 1213, 1214]
enter predict:
{1: 0}
source: 2  predicted: 1
[0, 10]
[248, 429, 670, 673, 1125, 1215, 1216, 1217, 1218, 1219]
enter predict:
{1: 0}
source: 0  predicted: 1
[0, 8]
[22, 659, 1220, 1221, 1222, 1223, 1224, 1225]
enter predict:
{1: 0}
source: 3  predicted: 1
[0, 6]
[318, 437, 834, 1226, 1227, 1228]
enter predict:
{1: 0}
source: 0  predicted: 1
[0, 9]
[7, 523, 845, 1047, 1229, 1230, 1231, 1232, 1233]
enter predict:
{1: 0}
source: 1  predicted: 1
[0, 9]
[81, 521, 522, 524, 553, 1181, 1234, 1235, 1236]
enter predict:
{1: 0}
source: 3  predicted: 1
[0, 11]
[81, 521, 522, 524, 553, 1181, 1234, 1235, 1236, 1237, 1238]
enter predict:
{1: 0}
source: 3  predicted: 1
[0, 5]
[374, 523, 663, 1239, 1240]
enter predict:
{1: 0}
source: 1  predicted: 1
[0, 12]
[27, 442, 582, 583, 767, 923, 1241, 1242, 1243, 1244, 1245, 1246]
enter predict:
{1: 0}
source: 2  predicted: 1
[0, 21]
[31, 305, 345, 429, 533, 623, 627, 876, 909, 1011, 1213, 1247, 1248, 1249, 1250, 1251, 1252, 1253, 1254, 1255, 1256]
enter predict:
{1: 0}
source: 0  predicted: 1
[0, 26]
[7, 10, 34, 182, 225, 387, 406, 493, 523, 593, 695, 696, 711, 837, 863, 1072, 1139, 1215, 1257, 1258, 1259, 1260, 1261, 1262, 1263, 1264]
enter predict:
{1: 0}
source: 1  predicted: 1
[0, 25]
[16, 37, 46, 51, 61, 63, 69, 104, 269, 272, 288, 326, 377, 408, 439, 563, 654, 784, 984, 1265, 1266, 1267, 1268, 1269, 1270]
enter predict:
{1: 0}
source: 2  predicted: 1
[0, 14]
[28, 95, 96, 99, 100, 104, 105, 107, 108, 109, 110, 111, 112, 114]
enter predict:
{1: 0}
source: 2  predicted: 1
[0, 14]
[182, 374, 378, 523, 578, 696, 729, 781, 957, 980, 1129, 1271, 1272, 1273]
enter predict:
{1: 0}
source: 1  predicted: 1
[0, 17]
[110, 150, 248, 506, 619, 660, 671, 688, 1116, 1127, 1274, 1275, 1276, 1277, 1278, 1279, 1280]
enter predict:
{1: 0}
source: 0  predicted: 1
[0, 22]
[110, 133, 248, 279, 318, 533, 660, 679, 688, 956, 1111, 1274, 1280, 1281, 1282, 1283, 1284, 1285, 1286, 1287, 1288, 1289]
enter predict:
{1: 0}
source: 0  predicted: 1
[0, 12]
[27, 442, 582, 583, 767, 923, 1241, 1243, 1244, 1245, 1246, 1290]
enter predict:
{1: 0}
source: 2  predicted: 1
[0, 9]
[7, 288, 1268, 1270, 1291, 1292, 1293, 1294, 1295]
enter predict:
{1: 0}
source: 3  predicted: 1
[0, 4]
[412, 1296, 1297, 1298]
enter predict:
{1: 0}
source: 0  predicted: 1
[0, 5]
[133, 390, 1104, 1299, 1300]
enter predict:
{1: 0}
source: 0  predicted: 1
[0, 17]
[399, 401, 405, 535, 837, 1166, 1301, 1302, 1303, 1304, 1305, 1306, 1307, 1308, 1309, 1310, 1311]
enter predict:
{1: 0}
source: 1  predicted: 1
[0, 18]
[30, 31, 170, 564, 1185, 1301, 1312, 1313, 1314, 1315, 1316, 1317, 1318, 1319, 1320, 1321, 1322, 1323]
enter predict:
{1: 0}
source: 0  predicted: 1
[0, 15]
[142, 157, 158, 343, 746, 920, 1301, 1324, 1325, 1326, 1327, 1328, 1329, 1330, 1331]
enter predict:
{1: 0}
source: 0  predicted: 1
[0, 8]
[7, 9, 108, 713, 1265, 1332, 1333, 1334]
enter predict:
{1: 0}
source: 2  predicted: 1
[0, 7]
[192, 200, 359, 541, 1229, 1320, 1335]
enter predict:
{1: 0}
source: 0  predicted: 1
[0, 23]
[149, 150, 170, 175, 408, 556, 564, 659, 679, 767, 768, 955, 956, 980, 1336, 1337, 1338, 1339, 1340, 1341, 1342, 1343, 1344]
enter predict:
{1: 0}
source: 0  predicted: 1
[0, 38]
[15, 39, 107, 108, 115, 211, 336, 385, 406, 578, 597, 651, 656, 1020, 1022, 1084, 1246, 1301, 1345, 1346, 1347, 1348, 1349, 1350, 1351, 1352, 1353, 1354, 1355, 1356, 1357, 1358, 1359, 1360, 1361, 1362, 1363, 1364]
enter predict:
{1: 0}
source: 2  predicted: 1
[0, 14]
[21, 28, 100, 104, 109, 391, 543, 634, 646, 923, 1296, 1365, 1366, 1367]
enter predict:
{1: 0}
source: 2  predicted: 1
[0, 25]
[45, 49, 60, 64, 271, 272, 274, 275, 280, 283, 288, 394, 1368, 1369, 1370, 1371, 1372, 1373, 1374, 1375, 1376, 1377, 1378, 1379, 1380]
enter predict:
{1: 0}
source: 2  predicted: 1
[0, 12]
[64, 124, 137, 207, 588, 593, 938, 1381, 1382, 1383, 1384, 1385]
enter predict:
{1: 0}
source: 0  predicted: 1
[0, 41]
[396, 408, 496, 497, 498, 989, 1354, 1375, 1386, 1387, 1388, 1389, 1390, 1391, 1392, 1393, 1394, 1395, 1396, 1397, 1398, 1399, 1400, 1401, 1402, 1403, 1404, 1405, 1406, 1407, 1408, 1409, 1410, 1411, 1412, 1413, 1414, 1415, 1416, 1417, 1418]
enter predict:
{1: 0}
source: 3  predicted: 1
[0, 11]
[157, 158, 301, 348, 441, 915, 1283, 1418, 1419, 1420, 1421]
enter predict:
{1: 0}
source: 3  predicted: 1
[0, 25]
[157, 158, 339, 441, 464, 535, 915, 988, 1201, 1227, 1418, 1420, 1421, 1422, 1423, 1424, 1425, 1426, 1427, 1428, 1429, 1430, 1431, 1432, 1433]
enter predict:
{1: 0}
source: 3  predicted: 1
[0, 34]
[10, 17, 43, 211, 222, 266, 269, 272, 277, 288, 380, 408, 431, 487, 511, 515, 526, 934, 982, 1114, 1152, 1434, 1435, 1436, 1437, 1438, 1439, 1440, 1441, 1442, 1443, 1444, 1445, 1446]
enter predict:
{1: 0}
source: 2  predicted: 1
[0, 8]
[133, 248, 318, 866, 899, 1216, 1447, 1448]
enter predict:
{1: 0}
source: 0  predicted: 1
[0, 8]
[277, 463, 593, 902, 1436, 1449, 1450, 1451]
enter predict:
{1: 0}
source: 2  predicted: 1
[0, 13]
[25, 74, 116, 172, 174, 183, 206, 442, 980, 1452, 1453, 1454, 1455]
enter predict:
{1: 0}
source: 2  predicted: 1
[0, 25]
[409, 882, 1097, 1132, 1456, 1457, 1458, 1459, 1460, 1461, 1462, 1463, 1464, 1465, 1466, 1467, 1468, 1469, 1470, 1471, 1472, 1473, 1474, 1475, 1476]
enter predict:
{1: 0}
source: 3  predicted: 1
[0, 19]
[267, 269, 364, 373, 457, 503, 1359, 1477, 1478, 1479, 1480, 1481, 1482, 1483, 1484, 1485, 1486, 1487, 1488]
enter predict:
{1: 0}
source: 3  predicted: 1
[0, 6]
[277, 374, 735, 1375, 1489, 1490]
enter predict:
{1: 0}
source: 1  predicted: 1
[0, 11]
[207, 318, 570, 1250, 1491, 1492, 1493, 1494, 1495, 1496, 1497]
enter predict:
{1: 0}
source: 0  predicted: 1
[0, 6]
[2, 139, 241, 918, 1498, 1499]
enter predict:
{1: 0}
source: 0  predicted: 1
[0, 2]
[908, 1252]
enter predict:
{1: 0}
source: 0  predicted: 1
[0, 6]
[189, 908, 955, 1252, 1500, 1501]
enter predict:
{1: 0}
source: 0  predicted: 1
[0, 10]
[320, 336, 515, 582, 951, 1356, 1502, 1503, 1504, 1505]
enter predict:
{1: 0}
source: 2  predicted: 1
[0, 15]
[16, 46, 54, 270, 272, 288, 432, 604, 983, 1270, 1368, 1506, 1507, 1508, 1509]
enter predict:
{1: 0}
source: 2  predicted: 1
[0, 7]
[490, 1150, 1212, 1453, 1510, 1511, 1512]
enter predict:
{1: 0}
source: 2  predicted: 1
[0, 11]
[49, 417, 907, 1513, 1514, 1515, 1516, 1517, 1518, 1519, 1520]
enter predict:
{1: 0}
source: 3  predicted: 1
[0, 11]
[49, 417, 907, 1237, 1513, 1514, 1515, 1516, 1517, 1518, 1521]
enter predict:
{1: 0}
source: 3  predicted: 1
[0, 14]
[4, 8, 183, 394, 546, 1036, 1522, 1523, 1524, 1525, 1526, 1527, 1528, 1529]
enter predict:
{1: 0}
source: 2  predicted: 1
[0, 11]
[2, 241, 433, 453, 918, 1498, 1530, 1531, 1532, 1533, 1534]
enter predict:
{1: 0}
source: 0  predicted: 1
[0, 11]
[2, 139, 241, 433, 453, 1498, 1530, 1531, 1532, 1533, 1534]
enter predict:
{1: 0}
source: 0  predicted: 1
[0, 13]
[441, 492, 521, 522, 524, 852, 853, 908, 915, 1227, 1530, 1535, 1536]
enter predict:
{1: 0}
source: 3  predicted: 1
[0, 14]
[131, 571, 593, 638, 975, 979, 1537, 1538, 1539, 1540, 1541, 1542, 1543, 1544]
enter predict:
{1: 0}
source: 0  predicted: 1
[0, 9]
[396, 503, 800, 1391, 1545, 1546, 1547, 1548, 1549]
enter predict:
{1: 0}
source: 3  predicted: 1
[0, 12]
[46, 91, 279, 374, 711, 729, 735, 870, 1172, 1550, 1551, 1552]
enter predict:
{1: 0}
source: 1  predicted: 1
[0, 4]
[211, 396, 1068, 1553]
enter predict:
{1: 0}
source: 2  predicted: 1
[0, 12]
[124, 127, 137, 317, 614, 642, 1554, 1555, 1556, 1557, 1558, 1559]
enter predict:
{1: 0}
source: 0  predicted: 1
[0, 3]
[390, 1560, 1561]
enter predict:
{1: 0}
source: 2  predicted: 1
[0, 11]
[131, 247, 470, 510, 570, 725, 897, 1562, 1563, 1564, 1565]
enter predict:
{1: 0}
source: 0  predicted: 1
[0, 15]
[142, 155, 247, 248, 317, 347, 623, 675, 751, 752, 1282, 1566, 1567, 1568, 1569]
enter predict:
{1: 0}
source: 0  predicted: 1
[0, 3]
[182, 1565, 1570]
enter predict:
{1: 0}
source: 0  predicted: 1
[0, 26]
[46, 55, 56, 61, 63, 269, 272, 275, 277, 278, 280, 281, 317, 406, 434, 542, 563, 1380, 1571, 1572, 1573, 1574, 1575, 1576, 1577, 1578]
enter predict:
{1: 0}
source: 2  predicted: 1
[0, 3]
[1287, 1579, 1580]
enter predict:
{1: 0}
source: 0  predicted: 1
[0, 7]
[81, 521, 522, 1371, 1581, 1582, 1583]
enter predict:
{1: 0}
source: 3  predicted: 1
[0, 3]
[193, 259, 1584]
enter predict:
{1: 0}
source: 0  predicted: 1
[0, 14]
[188, 192, 258, 261, 429, 430, 876, 1181, 1189, 1585, 1586, 1587, 1588, 1589]
enter predict:
{1: 0}
source: 0  predicted: 1
[0, 20]
[207, 209, 360, 711, 923, 1580, 1590, 1591, 1592, 1593, 1594, 1595, 1596, 1597, 1598, 1599, 1600, 1601, 1602, 1603]
enter predict:
{1: 0}
source: 3  predicted: 1
[0, 7]
[594, 625, 729, 1604, 1605, 1606, 1607]
enter predict:
{1: 0}
source: 1  predicted: 1
[0, 11]
[35, 247, 248, 669, 675, 688, 751, 1115, 1567, 1608, 1609]
enter predict:
{1: 0}
source: 0  predicted: 1
[0, 10]
[74, 116, 894, 958, 1116, 1253, 1321, 1610, 1611, 1612]
enter predict:
{1: 0}
source: 0  predicted: 1
[0, 17]
[503, 797, 1391, 1392, 1503, 1547, 1613, 1614, 1615, 1616, 1617, 1618, 1619, 1620, 1621, 1622, 1623]
enter predict:
{1: 0}
source: 3  predicted: 1
[0, 12]
[192, 257, 533, 725, 1181, 1184, 1562, 1624, 1625, 1626, 1627, 1628]
enter predict:
{1: 0}
source: 0  predicted: 1
[0, 8]
[100, 390, 577, 1239, 1573, 1629, 1630, 1631]
enter predict:
{1: 0}
source: 2  predicted: 1
[0, 13]
[260, 314, 369, 659, 932, 1041, 1385, 1496, 1632, 1633, 1634, 1635, 1636]
enter predict:
{1: 0}
source: 0  predicted: 1
[0, 13]
[24, 107, 597, 713, 805, 1036, 1180, 1637, 1638, 1639, 1640, 1641, 1642]
enter predict:
{1: 0}
source: 2  predicted: 1
[0, 15]
[64, 293, 372, 377, 502, 503, 701, 711, 735, 796, 1376, 1643, 1644, 1645, 1646]
enter predict:
{1: 0}
source: 1  predicted: 1
[0, 14]
[157, 158, 176, 408, 1332, 1435, 1647, 1648, 1649, 1650, 1651, 1652, 1653, 1654]
enter predict:
{1: 0}
source: 3  predicted: 1
[0, 10]
[131, 320, 567, 724, 1108, 1114, 1655, 1656, 1657, 1658]
enter predict:
{1: 0}
source: 0  predicted: 1
[0, 7]
[115, 116, 319, 364, 1036, 1659, 1660]
enter predict:
{1: 0}
source: 0  predicted: 1
[0, 6]
[29, 124, 131, 1114, 1661, 1662]
enter predict:
{1: 0}
source: 0  predicted: 1
[0, 13]
[31, 400, 416, 789, 909, 963, 1117, 1270, 1341, 1663, 1664, 1665, 1666]
enter predict:
{1: 0}
source: 3  predicted: 1
[0, 14]
[188, 192, 261, 319, 474, 510, 642, 897, 1589, 1667, 1668, 1669, 1670, 1671]
enter predict:
{1: 0}
source: 0  predicted: 1
[0, 14]
[137, 192, 201, 248, 249, 259, 420, 613, 618, 620, 751, 1672, 1673, 1674]
enter predict:
{1: 0}
source: 0  predicted: 1
[0, 12]
[105, 248, 533, 597, 639, 670, 675, 751, 876, 902, 1572, 1675]
enter predict:
{1: 0}
source: 0  predicted: 1
[0, 9]
[110, 390, 830, 955, 956, 980, 1356, 1676, 1677]
enter predict:
{1: 0}
source: 0  predicted: 1
[0, 14]
[133, 183, 282, 588, 1252, 1280, 1670, 1678, 1679, 1680, 1681, 1682, 1683, 1684]
enter predict:
{1: 0}
source: 0  predicted: 1
[0, 19]
[52, 110, 133, 679, 681, 830, 956, 980, 1115, 1277, 1356, 1676, 1677, 1685, 1686, 1687, 1688, 1689, 1690]
enter predict:
{1: 0}
source: 0  predicted: 1
[0, 10]
[66, 268, 277, 374, 378, 445, 1646, 1691, 1692, 1693]
enter predict:
{1: 0}
source: 1  predicted: 1
[0, 11]
[45, 277, 740, 923, 1062, 1114, 1239, 1694, 1695, 1696, 1697]
enter predict:
{1: 0}
source: 3  predicted: 1
[0, 5]
[569, 1453, 1698, 1699, 1700]
enter predict:
{1: 0}
source: 0  predicted: 1
[0, 15]
[37, 43, 61, 266, 267, 272, 280, 409, 431, 824, 1265, 1372, 1531, 1701, 1702]
enter predict:
{1: 0}
source: 2  predicted: 1
[0, 7]
[131, 206, 390, 427, 1280, 1703, 1704]
enter predict:
{1: 0}
source: 0  predicted: 1
[0, 3]
[324, 1705, 1706]
enter predict:
{1: 0}
source: 0  predicted: 1
[0, 3]
[956, 1707, 1708]
enter predict:
{1: 0}
source: 0  predicted: 1
[0, 3]
[105, 439, 1709]
enter predict:
{1: 0}
source: 0  predicted: 1
[0, 14]
[21, 28, 100, 104, 109, 391, 543, 634, 646, 923, 1296, 1365, 1366, 1367]
enter predict:
{1: 0}
source: 2  predicted: 1
[0, 11]
[64, 142, 151, 246, 314, 369, 894, 1318, 1710, 1711, 1712]
enter predict:
{1: 0}
source: 0  predicted: 1
[0, 12]
[235, 396, 409, 791, 882, 1202, 1464, 1713, 1714, 1715, 1716, 1717]
enter predict:
{1: 0}
source: 3  predicted: 1
[0, 4]
[39, 515, 647, 1060]
enter predict:
{1: 0}
source: 2  predicted: 1
[0, 4]
[131, 1718, 1719, 1720]
enter predict:
{1: 0}
source: 0  predicted: 1
[0, 14]
[314, 696, 839, 1090, 1092, 1093, 1096, 1097, 1239, 1721, 1722, 1723, 1724, 1725]
enter predict:
{1: 0}
source: 3  predicted: 1
[0, 7]
[260, 668, 1114, 1726, 1727, 1728, 1729]
enter predict:
{1: 0}
source: 0  predicted: 1
[0, 14]
[157, 158, 314, 408, 784, 791, 1028, 1086, 1406, 1730, 1731, 1732, 1733, 1734]
enter predict:
{1: 0}
source: 3  predicted: 1
[0, 9]
[21, 28, 77, 100, 391, 437, 1735, 1736, 1737]
enter predict:
{1: 0}
source: 2  predicted: 1
[0, 14]
[28, 95, 96, 99, 100, 104, 105, 107, 108, 109, 110, 111, 112, 114]
enter predict:
{1: 0}
source: 2  predicted: 1
[0, 16]
[277, 384, 553, 593, 695, 713, 837, 838, 841, 932, 1645, 1646, 1738, 1739, 1740, 1741]
enter predict:
{1: 0}
source: 1  predicted: 1
[0, 17]
[17, 317, 360, 377, 408, 859, 989, 1154, 1418, 1735, 1742, 1743, 1744, 1745, 1746, 1747, 1748]
enter predict:
{1: 0}
source: 3  predicted: 1
[0, 11]
[60, 84, 170, 319, 988, 1114, 1749, 1750, 1751, 1752, 1753]
enter predict:
{1: 0}
source: 3  predicted: 1
[0, 12]
[17, 60, 84, 170, 319, 988, 1114, 1749, 1750, 1751, 1753, 1754]
enter predict:
{1: 0}
source: 3  predicted: 1
[0, 18]
[17, 31, 45, 61, 66, 166, 191, 472, 559, 943, 1165, 1418, 1421, 1652, 1755, 1756, 1757, 1758]
enter predict:
{1: 0}
source: 0  predicted: 1
[0, 13]
[40, 46, 52, 56, 60, 64, 84, 266, 272, 277, 982, 985, 1368]
enter predict:
{1: 0}
source: 2  predicted: 1
[0, 12]
[66, 200, 343, 531, 692, 1759, 1760, 1761, 1762, 1763, 1764, 1765]
enter predict:
{1: 0}
source: 0  predicted: 1
[0, 8]
[81, 345, 521, 522, 903, 909, 1766, 1767]
enter predict:
{1: 0}
source: 3  predicted: 1
[0, 7]
[266, 563, 768, 1434, 1435, 1768, 1769]
enter predict:
{1: 0}
source: 2  predicted: 1
[0, 14]
[7, 182, 277, 279, 314, 406, 523, 578, 729, 1174, 1770, 1771, 1772, 1773]
enter predict:
{1: 0}
source: 1  predicted: 1
[0, 14]
[28, 95, 96, 99, 100, 104, 105, 107, 108, 109, 110, 111, 112, 114]
enter predict:
{1: 0}
source: 2  predicted: 1
[0, 3]
[1774, 1775, 1776]
enter predict:
{1: 0}
source: 3  predicted: 1
[0, 13]
[39, 84, 108, 713, 1435, 1753, 1777, 1778, 1779, 1780, 1781, 1782, 1783]
enter predict:
{1: 0}
source: 3  predicted: 1
[0, 7]
[125, 345, 909, 1706, 1784, 1785, 1786]
enter predict:
{1: 0}
source: 3  predicted: 1
[0, 20]
[137, 190, 472, 475, 485, 574, 659, 897, 1289, 1787, 1788, 1789, 1790, 1791, 1792, 1793, 1794, 1795, 1796, 1797]
enter predict:
{1: 0}
source: 0  predicted: 1
[0, 28]
[21, 144, 145, 176, 177, 321, 582, 583, 605, 778, 924, 1017, 1019, 1020, 1021, 1022, 1024, 1027, 1036, 1107, 1241, 1243, 1244, 1280, 1536, 1677, 1798, 1799]
enter predict:
{1: 0}
source: 2  predicted: 1
[0, 9]
[66, 345, 765, 909, 1800, 1801, 1802, 1803, 1804]
enter predict:
{1: 0}
source: 3  predicted: 1
[0, 15]
[4, 37, 215, 266, 267, 297, 343, 515, 1136, 1368, 1805, 1806, 1807, 1808, 1809]
enter predict:
{1: 0}
source: 2  predicted: 1
[0, 14]
[125, 142, 248, 425, 613, 620, 625, 626, 830, 1554, 1810, 1811, 1812, 1813]
enter predict:
{1: 0}
source: 0  predicted: 1
[0, 14]
[17, 205, 206, 247, 476, 636, 939, 1188, 1704, 1814, 1815, 1816, 1817, 1818]
enter predict:
{1: 0}
source: 0  predicted: 1
[0, 27]
[21, 144, 145, 176, 177, 321, 582, 583, 605, 778, 924, 927, 1019, 1020, 1021, 1022, 1024, 1027, 1107, 1241, 1243, 1244, 1280, 1536, 1677, 1799, 1819]
enter predict:
{1: 0}
source: 2  predicted: 1
[0, 5]
[974, 1229, 1820, 1821, 1822]
enter predict:
{1: 0}
source: 0  predicted: 1
[0, 4]
[31, 908, 1639, 1823]
enter predict:
{1: 0}
source: 0  predicted: 1
[0, 14]
[28, 95, 96, 99, 100, 104, 105, 107, 108, 109, 110, 111, 112, 114]
enter predict:
{1: 0}
source: 2  predicted: 1
[0, 25]
[77, 126, 200, 214, 470, 483, 554, 642, 961, 971, 1317, 1538, 1565, 1761, 1824, 1825, 1826, 1827, 1828, 1829, 1830, 1831, 1832, 1833, 1834]
enter predict:
{1: 0}
source: 0  predicted: 1
[0, 13]
[304, 669, 670, 681, 834, 1252, 1282, 1286, 1336, 1385, 1835, 1836, 1837]
enter predict:
{1: 0}
source: 0  predicted: 1
[0, 9]
[17, 396, 882, 1089, 1838, 1839, 1840, 1841, 1842]
enter predict:
{1: 0}
source: 3  predicted: 1
[0, 15]
[133, 249, 425, 429, 613, 619, 625, 626, 724, 1554, 1559, 1562, 1674, 1843, 1844]
enter predict:
{1: 0}
source: 0  predicted: 1
[0, 10]
[1245, 1357, 1845, 1846, 1847, 1848, 1849, 1850, 1851, 1852]
enter predict:
{1: 0}
source: 2  predicted: 1
[0, 13]
[111, 211, 328, 390, 452, 577, 767, 797, 1796, 1853, 1854, 1855, 1856]
enter predict:
{1: 0}
source: 2  predicted: 1
[0, 8]
[182, 280, 1008, 1119, 1151, 1341, 1857, 1858]
enter predict:
{1: 0}
source: 3  predicted: 1
[0, 3]
[4, 1750, 1859]
enter predict:
{1: 0}
source: 2  predicted: 1
[0, 14]
[511, 575, 1345, 1860, 1861, 1862, 1863, 1864, 1865, 1866, 1867, 1868, 1869, 1870]
enter predict:
{1: 0}
source: 0  predicted: 1
[0, 25]
[139, 200, 211, 328, 429, 589, 594, 687, 1031, 1229, 1591, 1855, 1871, 1872, 1873, 1874, 1875, 1876, 1877, 1878, 1879, 1880, 1881, 1882, 1883]
enter predict:
{1: 0}
source: 0  predicted: 1
[0, 25]
[200, 211, 328, 429, 589, 594, 687, 918, 1031, 1229, 1591, 1855, 1871, 1872, 1873, 1874, 1875, 1876, 1877, 1878, 1879, 1880, 1881, 1882, 1883]
enter predict:
{1: 0}
source: 0  predicted: 1
[0, 17]
[44, 49, 50, 51, 63, 267, 269, 272, 275, 360, 431, 563, 1435, 1567, 1809, 1884, 1885]
enter predict:
{1: 0}
source: 2  predicted: 1
[0, 12]
[124, 137, 192, 470, 866, 1565, 1787, 1815, 1886, 1887, 1888, 1889]
enter predict:
{1: 0}
source: 0  predicted: 1
[0, 5]
[374, 396, 546, 1692, 1890]
enter predict:
{1: 0}
source: 1  predicted: 1
[0, 11]
[366, 409, 837, 1139, 1166, 1257, 1891, 1892, 1893, 1894, 1895]
enter predict:
{1: 0}
source: 1  predicted: 1
[0, 22]
[37, 43, 51, 54, 56, 63, 69, 266, 267, 272, 275, 288, 406, 431, 854, 1267, 1293, 1809, 1891, 1896, 1897, 1898]
enter predict:
{1: 0}
source: 2  predicted: 1
[0, 17]
[37, 43, 63, 69, 266, 267, 272, 275, 288, 406, 431, 1293, 1809, 1891, 1896, 1898, 1899]
enter predict:
{1: 0}
source: 2  predicted: 1
[0, 6]
[523, 592, 1034, 1531, 1900, 1901]
enter predict:
{1: 0}
source: 1  predicted: 1
[0, 9]
[578, 837, 1068, 1114, 1138, 1240, 1565, 1710, 1902]
enter predict:
{1: 0}
source: 1  predicted: 1
[0, 14]
[17, 124, 188, 205, 206, 434, 509, 588, 1562, 1671, 1903, 1904, 1905, 1906]
enter predict:
{1: 0}
source: 0  predicted: 1
[0, 19]
[125, 188, 255, 472, 506, 588, 615, 724, 725, 955, 1286, 1383, 1565, 1671, 1907, 1908, 1909, 1910, 1911]
enter predict:
{1: 0}
source: 0  predicted: 1
[0, 20]
[66, 200, 268, 343, 476, 477, 531, 908, 939, 966, 988, 1761, 1763, 1912, 1913, 1914, 1915, 1916, 1917, 1918]
enter predict:
{1: 0}
source: 0  predicted: 1
[0, 9]
[66, 273, 305, 377, 418, 981, 986, 1919, 1920]
enter predict:
{1: 0}
source: 0  predicted: 1
[0, 6]
[191, 1382, 1705, 1921, 1922, 1923]
enter predict:
{1: 0}
source: 0  predicted: 1
[0, 6]
[66, 908, 932, 1430, 1924, 1925]
enter predict:
{1: 0}
source: 3  predicted: 1
[0, 14]
[28, 95, 96, 99, 100, 104, 105, 107, 108, 109, 110, 111, 112, 114]
enter predict:
{1: 0}
source: 2  predicted: 1
[0, 15]
[66, 521, 522, 523, 906, 907, 908, 988, 1926, 1927, 1928, 1929, 1930, 1931, 1932]
enter predict:
{1: 0}
source: 3  predicted: 1
[0, 19]
[39, 179, 211, 235, 513, 1933, 1934, 1935, 1936, 1937, 1938, 1939, 1940, 1941, 1942, 1943, 1944, 1945, 1946]
enter predict:
{1: 0}
source: 2  predicted: 1
[0, 15]
[200, 268, 343, 477, 531, 1299, 1673, 1761, 1912, 1913, 1914, 1915, 1917, 1947, 1948]
enter predict:
{1: 0}
source: 0  predicted: 1
[0, 6]
[402, 713, 1949, 1950, 1951, 1952]
enter predict:
{1: 0}
source: 2  predicted: 1
[0, 11]
[225, 402, 503, 654, 713, 1084, 1848, 1952, 1953, 1954, 1955]
enter predict:
{1: 0}
source: 2  predicted: 1
[0, 4]
[908, 1062, 1956, 1957]
enter predict:
{1: 0}
source: 3  predicted: 1
[0, 9]
[396, 1089, 1090, 1092, 1096, 1097, 1131, 1722, 1958]
enter predict:
{1: 0}
source: 3  predicted: 1
[0, 30]
[124, 131, 188, 192, 200, 254, 510, 526, 537, 620, 644, 679, 785, 1041, 1104, 1115, 1148, 1282, 1562, 1720, 1793, 1818, 1959, 1960, 1961, 1962, 1963, 1964, 1965, 1966]
enter predict:
{1: 0}
source: 0  predicted: 1
[0, 22]
[52, 89, 105, 151, 188, 207, 439, 506, 593, 876, 941, 1114, 1165, 1172, 1286, 1682, 1815, 1967, 1968, 1969, 1970, 1971]
enter predict:
{1: 0}
source: 0  predicted: 1
[0, 28]
[40, 51, 54, 60, 64, 84, 266, 267, 268, 269, 272, 275, 277, 283, 288, 408, 431, 515, 982, 1262, 1265, 1380, 1702, 1752, 1972, 1973, 1974, 1975]
enter predict:
{1: 0}
source: 2  predicted: 1
[0, 13]
[21, 84, 100, 109, 211, 434, 577, 924, 1026, 1239, 1976, 1977, 1978]
enter predict:
{1: 0}
source: 2  predicted: 1
[0, 17]
[16, 401, 405, 456, 593, 853, 864, 1358, 1894, 1979, 1980, 1981, 1982, 1983, 1984, 1985, 1986]
enter predict:
{1: 0}
source: 1  predicted: 1
[0, 2]
[1113, 1987]
enter predict:
{1: 0}
source: 0  predicted: 1
[0, 13]
[4, 8, 62, 138, 183, 648, 1036, 1281, 1750, 1859, 1988, 1989, 1990]
enter predict:
{1: 0}
source: 2  predicted: 1
[0, 14]
[28, 95, 96, 99, 100, 104, 105, 107, 108, 109, 110, 111, 112, 114]
enter predict:
{1: 0}
source: 2  predicted: 1
[0, 13]
[30, 126, 200, 245, 249, 420, 427, 641, 754, 1991, 1992, 1993, 1994]
enter predict:
{1: 0}
source: 0  predicted: 1
[0, 7]
[133, 317, 318, 1115, 1632, 1680, 1995]
enter predict:
{1: 0}
source: 0  predicted: 1
[0, 9]
[114, 131, 261, 586, 588, 929, 937, 1288, 1996]
enter predict:
{1: 0}
source: 0  predicted: 1
[0, 5]
[387, 401, 405, 409, 429]
enter predict:
{1: 0}
source: 3  predicted: 1
[0, 17]
[30, 124, 166, 261, 569, 571, 858, 1187, 1188, 1720, 1962, 1997, 1998, 1999, 2000, 2001, 2002]
enter predict:
{1: 0}
source: 0  predicted: 1
[0, 3]
[396, 882, 2003]
enter predict:
{1: 0}
source: 3  predicted: 1
[0, 12]
[7, 182, 207, 378, 493, 767, 1033, 1072, 1165, 1273, 2004, 2005]
enter predict:
{1: 0}
source: 1  predicted: 1
[0, 14]
[21, 28, 100, 104, 109, 391, 543, 634, 646, 923, 1296, 1365, 1366, 1367]
enter predict:
{1: 0}
source: 2  predicted: 1
[0, 3]
[718, 2006, 2007]
enter predict:
{1: 0}
source: 0  predicted: 1
[0, 8]
[126, 390, 420, 425, 620, 2008, 2009, 2010]
enter predict:
{1: 0}
source: 0  predicted: 1
[0, 15]
[17, 126, 127, 200, 201, 248, 249, 279, 420, 639, 1196, 1554, 1668, 2011, 2012]
enter predict:
{1: 0}
source: 0  predicted: 1
[0, 7]
[64, 139, 390, 490, 588, 918, 2013]
enter predict:
{1: 0}
source: 0  predicted: 1
[0, 10]
[7, 64, 374, 1239, 1240, 2014, 2015, 2016, 2017, 2018]
enter predict:
{1: 0}
source: 1  predicted: 1
[0, 9]
[127, 133, 183, 260, 430, 526, 670, 901, 1226]
enter predict:
{1: 0}
source: 0  predicted: 1
[0, 9]
[124, 188, 192, 408, 427, 480, 2019, 2020, 2021]
enter predict:
{1: 0}
source: 0  predicted: 1
[0, 14]
[16, 386, 405, 593, 835, 837, 853, 1068, 2022, 2023, 2024, 2025, 2026, 2027]
enter predict:
{1: 0}
source: 1  predicted: 1
[0, 10]
[507, 572, 897, 1114, 1196, 1704, 2028, 2029, 2030, 2031]
enter predict:
{1: 0}
source: 0  predicted: 1
[0, 5]
[320, 327, 328, 329, 380]
enter predict:
{1: 0}
source: 2  predicted: 1
[0, 19]
[2, 28, 108, 110, 116, 182, 211, 328, 330, 429, 490, 646, 1447, 1724, 2032, 2033, 2034, 2035, 2036]
enter predict:
{1: 0}
source: 2  predicted: 1
[0, 7]
[207, 280, 943, 2037, 2038, 2039, 2040]
enter predict:
{1: 0}
source: 3  predicted: 1
[0, 11]
[104, 352, 492, 1066, 2041, 2042, 2043, 2044, 2045, 2046, 2047]
enter predict:
{1: 0}
source: 1  predicted: 1
precision: 0.103125
